mu_eff17=[1.00297]
mu_trigger17=[1.0119]
ele_eff17=[1.00932]
ele_trigger17=[1.0081]
