mu_eff18=[1.00303]
mu_trigger18=[1.01212]
ele_eff18=[1.00906]
ele_trigger18=[1.00788]
