mu_eff16=[1.00306]
mu_trigger16=[1.01223]
ele_eff16=[1.00893]
ele_trigger16=[1.00777]
