mu_eff18=[1.00305]
mu_trigger18=[1.01221]
ele_eff18=[1.00896]
ele_trigger18=[1.00779]
