mu_eff17=[1.00299]
mu_trigger17=[1.01197]
ele_eff17=[1.00923]
ele_trigger17=[1.00803]
