mu_eff16=[1.00304]
mu_trigger16=[1.01215]
ele_eff16=[1.00902]
ele_trigger16=[1.00785]
