fake16=[1.203,1.208,1.216,1.201]

QCD_pdf=[1.012,1.012,1.010,1.010]

SigOut_pdf=[1.039,1.038,1.056,1.042]

QCD_scale=[1.146,1.123,1.099,1.080]

QCD_scale_up=[0.990,1.009,1.012,1.030]

QCD_scale_down=[1.004,0.990,0.990,0.975]

SigOut_scale=[1.005,1.015,1.047,1.064]

jes16_ZA=[1.09,1.06,1.02,1.02]
jes16_ZA=[1.09,1.06,1.02,1.02]
jes16_ZA-EWK=[1.01,1.01,1.01,1.01]
jes16_TTA=[1.02,1.06,1.25,1.00]
jes16_VV=[1.07,1.02,1.12,1.00]
jes16_ST=[1.03,1.10,1.00,1.00]

jer16_ZA=[1.05,1.02,1.03,1.01]
jer16_ZA-EWK=[1.00,1.01,1.00,1.00]
jer16_TTA=[1.02,1.02,1.06,1.17]
jer16_VV=[1.07,1.00,1.00,1.00]
jer16_ST=[1.03,1.00,1.00,1.00]

l1pref=[1.01,1.01,1.01,1.01]

genbin1_scale=[1.01,1.00,1.00,1.00]
genbin2_scale=[1.02,1.00,1.02,1.00]
genbin3_scale=[1.00,1.01,1.02,1.04]
genbin4_scale=[1.00,1.00,1.03,1.05]

genbin1_pdf=[1.039,1.038,1.000,1.000]
genbin2_pdf=[1.049,1.037,1.050,1.000]
genbin3_pdf=[1.000,1.035,1.035,1.061]
genbin4_pdf=[1.000,1.000,1.043,1.039]

ele_ID=[1.0251]

ele_reco=[1.00451]

muon_all=[1.01377]

muon16_trigger=[1.01223]

photon_ID=[1.02591]

