fake16=[1.175,1.168,1.179,1.156]

QCD_pdf=[1.012,1.011,1.010,1.010]

SigOut_pdf=[1.039,1.036,1.054,1.040]

QCD_scale=[1.145,1.120,1.095,1.064]

QCD_scale_up=[0.991,1.007,1.011,1.006]

QCD_scale_down=[1.003,0.991,0.991,0.995]

SigOut_scale=[1.011,1.010,1.041,1.057]

jes16_ZA=[1.12,1.09,1.03,1.01]
jes16_ZA-EWK=[1.01,1.01,1.00,1.01]
jes16_TTA=[1.05,1.00,1.10,1.00]
jes16_VV=[1.04,1.00,1.21,1.00]
jes16_ST=[1.13,1.25,1.00,1.00]

jer16_ZA=[1.04,1.02,1.01,1.03]
jer16_ZA-EWK=[1.00,1.02,1.01,1.01]
jer16_TTA=[1.00,1.03,1.00,1.00]
jer16_VV=[1.01,1.62,1.21,1.50]
jer16_ST=[1.00,1.00,1.00,1.00]

l1pref=[1.01,1.01,1.01,1.01]

genbin1_scale=[1.02,1.00,1.00,1.00]
genbin2_scale=[1.03,1.00,1.02,1.00]
genbin3_scale=[1.00,1.00,1.02,1.05]
genbin4_scale=[1.00,1.00,1.04,1.05]

genbin1_pdf=[1.039,1.042,1.000,1.000]
genbin2_pdf=[1.046,1.037,1.051,1.000]
genbin3_pdf=[1.000,1.041,1.035,1.046]
genbin4_pdf=[1.000,1.000,1.049,1.039]

ele_ID=[1.02579]

ele_reco=[1.00453]

muon_all=[1.00921]

muon16_trigger=[1.01215]

photon_ID=[1.01534]

