fake17=[1.188,1.372,1.380,1.387]

QCD_pdf=[1.012,1.010,1.011,1.014]

SigOut_pdf=[1.002,1.002,1.002,1.002]

QCD_scale=[1.147,1.141,1.139,1.105]

QCD_scale_up=[1.000,1.013,1.017,1.013]

QCD_scale_down=[0.996,0.988,0.985,0.992]

SigOut_scale=[1.013,1.026,1.046,1.075]

jes17_ZA=[1.12,1.08,1.07,1.02]
jes17_ZA-EWK=[1.01,1.01,1.03,1.01]
jes17_TTA=[1.04,1.01,1.03,1.03]
jes17_VV=[1.13,1.01,1.32,1.00]
jes17_ST=[1.06,1.00,1.00,1.00]

jer17_ZA=[1.07,1.04,1.05,1.02]
jer17_ZA-EWK=[1.00,1.01,1.00,1.02]
jer17_TTA=[1.00,1.02,1.00,1.02]
jer17_VV=[1.08,1.01,1.17,1.00]
jer17_ST=[1.00,1.00,1.00,1.00]

l1pref=[1.01,1.02,1.02,1.02]

genbin1_scale=[1.00,1.00,1.00,1.00]
genbin2_scale=[1.01,1.02,1.04,1.00]
genbin3_scale=[1.02,1.05,1.03,1.00]
genbin4_scale=[1.06,1.00,1.06,1.06]

genbin1_pdf=[1.001,1.004,1.000,1.000]
genbin2_pdf=[1.003,1.001,1.003,1.000]
genbin3_pdf=[1.003,1.003,1.002,1.000]
genbin4_pdf=[1.004,1.000,1.003,1.002]

ele_ID=[1.03451]

ele_reco=[1.00402]

muon_all=[1.00717]

muon17_trigger=[1.01198]

photon_ID=[1.03234]

