fake17=[1.151,1.253,1.252,1.232]

QCD_pdf=[1.012,1.010,1.011,1.014]

SigOut_pdf=[1.002,1.001,1.002,1.002]

QCD_scale=[1.148,1.143,1.142,1.093]

QCD_scale_up=[0.999,1.013,1.020,1.008]

QCD_scale_down=[0.996,0.987,0.983,0.997]

SigOut_scale=[1.004,1.022,1.040,1.063]

jes17_ZA=[1.11,1.07,1.06,1.03]
jes17_ZA-EWK=[1.01,1.00,1.03,1.02]
jes17_TTA=[1.04,1.04,1.02,1.01]
jes17_VV=[1.11,1.06,1.32,1.00]
jes17_ST=[1.06,1.00,1.00,1.00]

jer17_ZA=[1.06,1.04,1.05,1.03]
jer17_ZA-EWK=[1.00,1.02,1.00,1.01]
jer17_TTA=[1.00,1.01,1.00,1.02]
jer17_VV=[1.08,1.08,1.17,1.00]
jer17_ST=[1.00,1.00,1.00,1.00]

l1pref=[1.01,1.01,1.02,1.01]

genbin1_scale=[1.00,1.00,1.00,1.00]
genbin2_scale=[1.06,1.01,1.05,1.00]
genbin3_scale=[1.05,1.07,1.03,1.00]
genbin4_scale=[1.06,1.00,1.00,1.06]

genbin1_pdf=[1.001,1.004,1.000,1.000]
genbin2_pdf=[1.005,1.002,1.003,1.000]
genbin3_pdf=[1.007,1.003,1.002,1.000]
genbin4_pdf=[1.004,1.000,1.000,1.001]

ele_ID=[1.03495]

ele_reco=[1.00402]

muon_all=[1.00502]

muon17_trigger=[1.0119]

photon_ID=[1.0187]

