fake18=[1.160,1.180,1.168,1.193]

QCD_pdf=[1.012,1.012,1.010,1.010]

SigOut_pdf=[1.001,1.002,1.002,1.012]

QCD_scale=[1.145,1.127,1.117,1.089]

QCD_scale_up=[0.994,1.007,1.019,1.022]

QCD_scale_down=[1.001,0.993,0.985,0.983]

SigOut_scale=[1.008,1.025,1.045,1.065]

jes18_ZA=[1.13,1.07,1.04,1.06]
jes18_ZA=[1.13,1.07,1.04,1.06]
jes18_ZA-EWK=[1.01,1.01,1.01,1.03]
jes18_TTA=[1.03,1.03,1.08,1.12]
jes18_VV=[1.05,1.06,1.02,1.07]
jes18_ST=[1.07,1.05,1.17,1.00]

jer18_ZA=[1.08,1.06,1.03,1.02]
jer18_ZA-EWK=[1.01,1.00,1.01,1.01]
jer18_TTA=[1.02,1.00,1.00,1.00]
jer18_VV=[1.08,1.04,1.07,1.13]
jer18_ST=[1.02,1.13,1.00,1.00]

genbin1_scale=[1.00,1.01,1.00,1.00]
genbin2_scale=[1.01,1.01,1.02,1.00]
genbin3_scale=[1.00,1.02,1.03,1.02]
genbin4_scale=[1.00,1.00,1.08,1.05]

genbin1_pdf=[1.003,1.002,1.000,1.000]
genbin2_pdf=[1.002,1.002,1.003,1.000]
genbin3_pdf=[1.000,1.002,1.002,1.002]
genbin4_pdf=[1.000,1.000,1.003,1.003]

ele_ID=[1.03004]

ele_reco=[1.00263]

muon_all=[1.00184]

muon18_trigger=[1.01221]

photon_ID=[1.02739]

