fake16=[1.172,1.198,1.249,1.168]

QCD_pdf=[1.012,1.010,1.011,1.014]

SigOut_pdf=[1.039,1.041,1.034,1.039]

QCD_scale=[1.131,1.136,1.112,1.090]

QCD_scale_up=[0.994,1.018,1.015,1.024]

QCD_scale_down=[1.001,0.983,0.987,0.984]

SigOut_scale=[1.002,1.017,1.039,1.051]

jes16_ZA=[1.10,1.08,1.07,1.08]
jes16_ZA-EWK=[1.01,1.02,1.01,1.00]
jes16_TTA=[1.02,1.12,1.05,1.00]
jes16_VV=[1.04,1.00,1.00,1.00]
jes16_ST=[1.00,1.00,1.00,1.00]

jer16_ZA=[1.03,1.03,1.05,1.02]
jer16_ZA-EWK=[1.01,1.00,1.01,1.00]
jer16_TTA=[1.01,1.05,1.03,1.00]
jer16_VV=[1.10,1.00,1.00,1.00]
jer16_ST=[1.00,1.00,1.00,1.00]

l1pref=[1.01,1.01,1.01,1.01]

genbin1_scale=[1.01,1.00,1.00,1.00]
genbin2_scale=[1.03,1.01,1.00,1.00]
genbin3_scale=[1.06,1.00,1.02,1.00]
genbin4_scale=[1.00,1.00,1.00,1.05]

genbin1_pdf=[1.038,1.047,1.000,1.000]
genbin2_pdf=[1.053,1.036,1.000,1.000]
genbin3_pdf=[1.076,1.046,1.037,1.054]
genbin4_pdf=[1.000,1.000,1.000,1.036]

ele_ID=[1.02579]

ele_reco=[1.00453]

muon_all=[1.00921]

muon16_trigger=[1.01215]

photon_ID=[1.01534]

