fake17=[1.149,1.165,1.178,1.161]

QCD_pdf=[1.012,1.011,1.010,1.010]

SigOut_pdf=[1.002,1.001,1.002,1.002]

QCD_scale=[1.161,1.127,1.110,1.114]

QCD_scale_up=[0.999,1.003,1.009,1.040]

QCD_scale_down=[0.996,0.997,0.993,0.969]

SigOut_scale=[1.002,1.015,1.025,1.061]

jes17_ZA=[1.12,1.09,1.05,1.01]
jes17_ZA-EWK=[1.00,1.02,1.01,1.05]
jes17_TTA=[1.03,1.03,1.07,1.06]
jes17_VV=[1.14,1.10,1.06,1.13]
jes17_ST=[1.04,1.11,1.00,1.00]

jer17_ZA=[1.07,1.04,1.03,1.02]
jer17_ZA-EWK=[1.01,1.02,1.01,1.01]
jer17_TTA=[1.01,1.01,1.01,1.00]
jer17_VV=[1.08,1.13,1.03,1.00]
jer17_ST=[1.03,1.11,1.00,1.00]

l1pref=[1.01,1.02,1.02,1.01]

genbin1_scale=[1.01,1.01,1.00,1.00]
genbin2_scale=[1.00,1.00,1.04,1.00]
genbin3_scale=[1.00,1.02,1.03,1.04]
genbin4_scale=[1.00,1.00,1.05,1.05]

genbin1_pdf=[1.002,1.001,1.000,1.000]
genbin2_pdf=[1.002,1.002,1.003,1.000]
genbin3_pdf=[1.000,1.002,1.001,1.017]
genbin4_pdf=[1.000,1.000,1.002,1.002]

ele_ID=[1.03495]

ele_reco=[1.00402]

muon_all=[1.00502]

muon17_trigger=[1.0119]

photon_ID=[1.0187]

