fake17=[1.151,1.170,1.174,1.194]

QCD_pdf=[1.012,1.010,1.009,1.016]

SigOut_pdf=[1.002,1.001,1.002,1.006]

QCD_scale=[1.146,1.155,1.126,1.097]

QCD_scale_up=[0.998,1.022,1.030,1.029]

QCD_scale_down=[0.998,0.980,0.975,0.975]

SigOut_scale=[1.003,1.032,1.043,1.068]

jes17_ZA=[1.11,1.00,1.01,1.04]
jes17_ZA-EWK=[1.00,1.03,1.02,1.05]
jes17_TTA=[1.04,1.00,1.03,1.00]
jes17_VV=[1.13,1.03,1.00,1.00]
jes17_ST=[1.04,1.00,1.50,1.00]

jer17_ZA=[1.06,1.01,1.01,1.02]
jer17_ZA-EWK=[1.00,1.01,1.02,1.03]
jer17_TTA=[1.00,1.00,1.02,1.12]
jer17_VV=[1.09,1.00,1.14,1.00]
jer17_ST=[1.02,1.06,1.00,1.00]

l1pref=[1.01,1.02,1.02,1.02]

genbin1_scale=[1.01,1.02,1.06,1.00]
genbin2_scale=[1.01,1.02,1.04,1.00]
genbin3_scale=[1.00,1.05,1.04,1.08]
genbin4_scale=[1.00,1.00,1.00,1.06]

genbin1_pdf=[1.001,1.001,1.004,1.000]
genbin2_pdf=[1.002,1.003,1.002,1.000]
genbin3_pdf=[1.000,1.003,1.002,1.003]
genbin4_pdf=[1.000,1.000,1.007,1.005]

ele_ID=[1.03495]

ele_reco=[1.00402]

muon_all=[1.00502]

muon17_trigger=[1.0119]

photon_ID=[1.0187]

