fake17=[1.189,1.198,1.220,1.235]

QCD_pdf=[1.012,1.012,1.010,1.010]

SigOut_pdf=[1.002,1.002,1.002,1.002]

QCD_scale=[1.159,1.128,1.112,1.114]

QCD_scale_up=[0.999,1.002,1.013,1.038]

QCD_scale_down=[0.996,0.997,0.990,0.970]

SigOut_scale=[1.009,1.024,1.030,1.062]

jes17_ZA=[1.12,1.10,1.06,1.02]
jes17_ZA=[1.12,1.10,1.06,1.02]
jes17_ZA-EWK=[1.00,1.02,1.01,1.03]
jes17_TTA=[1.03,1.03,1.02,1.06]
jes17_VV=[1.16,1.11,1.05,1.00]
jes17_ST=[1.06,1.07,1.00,1.00]

jer17_ZA=[1.07,1.04,1.03,1.02]
jer17_ZA-EWK=[1.01,1.02,1.01,1.01]
jer17_TTA=[1.00,1.01,1.04,1.00]
jer17_VV=[1.10,1.05,1.03,1.00]
jer17_ST=[1.01,1.03,1.00,1.00]

l1pref=[1.01,1.02,1.02,1.02]

genbin1_scale=[1.00,1.01,1.00,1.00]
genbin2_scale=[1.01,1.01,1.04,1.00]
genbin3_scale=[1.00,1.02,1.03,1.04]
genbin4_scale=[1.00,1.00,1.04,1.05]

genbin1_pdf=[1.001,1.001,1.000,1.000]
genbin2_pdf=[1.002,1.002,1.002,1.000]
genbin3_pdf=[1.000,1.002,1.001,1.012]
genbin4_pdf=[1.000,1.000,1.003,1.001]

ele_ID=[1.03451]

ele_reco=[1.00402]

muon_all=[1.00717]

muon17_trigger=[1.01198]

photon_ID=[1.03234]

