fake17=[1.191,1.210,1.210,1.219]

QCD_pdf=[1.012,1.010,1.008,1.016]

SigOut_pdf=[1.002,1.001,1.003,1.006]

QCD_scale=[1.145,1.159,1.138,1.093]

QCD_scale_up=[0.998,1.024,1.029,1.019]

QCD_scale_down=[0.998,0.978,0.976,0.983]

SigOut_scale=[1.010,1.030,1.047,1.067]

jes17_ZA=[1.12,1.01,1.01,1.04]
jes17_ZA-EWK=[1.00,1.03,1.05,1.04]
jes17_TTA=[1.04,1.00,1.00,1.03]
jes17_VV=[1.17,1.02,1.00,1.00]
jes17_ST=[1.06,1.08,1.50,1.00]

jer17_ZA=[1.06,1.01,1.00,1.04]
jer17_ZA-EWK=[1.00,1.00,1.00,1.04]
jer17_TTA=[1.00,1.00,1.03,1.03]
jer17_VV=[1.08,1.00,1.00,1.00]
jer17_ST=[1.00,1.00,1.00,1.00]

l1pref=[1.01,1.02,1.02,1.02]

genbin1_scale=[1.00,1.02,1.06,1.00]
genbin2_scale=[1.02,1.02,1.04,1.00]
genbin3_scale=[1.00,1.04,1.04,1.06]
genbin4_scale=[1.00,1.00,1.01,1.06]

genbin1_pdf=[1.001,1.001,1.003,1.000]
genbin2_pdf=[1.001,1.002,1.003,1.000]
genbin3_pdf=[1.000,1.002,1.001,1.002]
genbin4_pdf=[1.000,1.000,1.005,1.003]

ele_ID=[1.03451]

ele_reco=[1.00402]

muon_all=[1.00717]

muon17_trigger=[1.01198]

photon_ID=[1.03234]

