fake16=[1.203,1.213,1.233,1.206]

QCD_pdf=[1.012,1.010,1.008,1.016]

SigOut_pdf=[1.038,1.039,1.112,1.065]

QCD_scale=[1.131,1.147,1.122,1.118]

QCD_scale_up=[0.991,1.025,1.024,1.056]

QCD_scale_down=[1.005,0.976,0.979,0.952]

SigOut_scale=[1.002,1.031,1.067,1.083]

jes16_ZA=[1.08,1.01,1.01,1.02]
jes16_ZA-EWK=[1.00,1.02,1.02,1.03]
jes16_TTA=[1.05,1.05,1.00,1.17]
jes16_VV=[1.07,1.16,1.00,1.00]
jes16_ST=[1.00,1.00,1.00,1.00]

jer16_ZA=[1.04,1.01,1.02,1.00]
jer16_ZA-EWK=[1.00,1.00,1.00,1.01]
jer16_TTA=[1.02,1.02,1.03,1.08]
jer16_VV=[1.05,1.00,1.00,1.00]
jer16_ST=[1.02,1.00,1.00,1.00]

l1pref=[1.01,1.01,1.01,1.01]

genbin1_scale=[1.01,1.00,1.01,1.00]
genbin2_scale=[1.01,1.01,1.04,1.00]
genbin3_scale=[1.00,1.05,1.03,1.05]
genbin4_scale=[1.00,1.00,1.03,1.06]

genbin1_pdf=[1.038,1.038,1.048,1.000]
genbin2_pdf=[1.037,1.036,1.039,1.000]
genbin3_pdf=[1.000,1.048,1.039,1.044]
genbin4_pdf=[1.000,1.000,1.045,1.039]

ele_ID=[1.0251]

ele_reco=[1.00451]

muon_all=[1.01377]

muon16_trigger=[1.01223]

photon_ID=[1.02591]

