fake16=[1.203,1.246,1.273,1.227]

QCD_pdf=[1.012,1.010,1.011,1.014]

SigOut_pdf=[1.039,1.040,1.042,1.039]

QCD_scale=[1.131,1.134,1.119,1.092]

QCD_scale_up=[0.994,1.017,1.021,1.020]

QCD_scale_down=[1.001,0.983,0.982,0.986]

SigOut_scale=[1.006,1.026,1.043,1.055]

jes16_ZA=[1.07,1.06,1.04,1.03]
jes16_ZA-EWK=[1.01,1.01,1.02,1.01]
jes16_TTA=[1.02,1.11,1.02,1.00]
jes16_VV=[1.05,1.00,1.05,1.00]
jes16_ST=[1.00,1.00,1.00,1.00]

jer16_ZA=[1.04,1.03,1.04,1.00]
jer16_ZA-EWK=[1.00,1.01,1.01,1.02]
jer16_TTA=[1.00,1.05,1.02,1.04]
jer16_VV=[1.05,1.00,1.00,1.00]
jer16_ST=[1.02,1.00,1.00,1.00]

l1pref=[1.01,1.01,1.01,1.01]

genbin1_scale=[1.01,1.01,1.00,1.00]
genbin2_scale=[1.03,1.02,1.00,1.00]
genbin3_scale=[1.05,1.01,1.02,1.00]
genbin4_scale=[1.00,1.00,1.00,1.05]

genbin1_pdf=[1.038,1.051,1.000,1.000]
genbin2_pdf=[1.053,1.037,1.047,1.000]
genbin3_pdf=[1.061,1.046,1.037,1.054]
genbin4_pdf=[1.000,1.000,1.000,1.035]

ele_ID=[1.0251]

ele_reco=[1.00451]

muon_all=[1.01377]

muon16_trigger=[1.01223]

photon_ID=[1.02591]

