fake18=[1.152,1.211,1.234,1.226]

QCD_pdf=[1.012,1.010,1.011,1.014]

SigOut_pdf=[1.002,1.002,1.002,1.005]

QCD_scale=[1.147,1.138,1.144,1.105]

QCD_scale_up=[0.997,1.009,1.010,1.021]

QCD_scale_down=[0.999,0.994,0.992,0.986]

SigOut_scale=[1.004,1.017,1.049,1.102]

jes18_ZA=[1.20,1.12,1.11,1.07]
jes18_ZA-EWK=[1.02,1.03,1.01,1.02]
jes18_TTA=[1.06,1.00,1.00,1.08]
jes18_VV=[1.07,1.14,1.10,1.00]
jes18_ST=[1.08,1.00,1.00,1.00]

jer18_ZA=[1.05,1.02,1.04,1.03]
jer18_ZA-EWK=[1.00,1.00,1.01,1.00]
jer18_TTA=[1.00,1.02,1.03,1.05]
jer18_VV=[1.04,1.09,1.10,1.00]
jer18_ST=[1.09,1.00,1.00,1.00]

genbin1_scale=[1.01,1.03,1.00,1.00]
genbin2_scale=[1.01,1.01,1.01,1.00]
genbin3_scale=[1.03,1.01,1.03,1.05]
genbin4_scale=[1.00,1.00,1.02,1.05]

genbin1_pdf=[1.002,1.012,1.000,1.000]
genbin2_pdf=[1.003,1.002,1.003,1.000]
genbin3_pdf=[1.003,1.004,1.001,1.003]
genbin4_pdf=[1.000,1.000,1.006,1.002]

ele_ID=[1.03033]

ele_reco=[1.00264]

muon_all=[1.00181]

muon18_trigger=[1.01212]

photon_ID=[1.0163]

