fake18=[1.154,1.158,1.182,1.162]

QCD_pdf=[1.012,1.010,1.009,1.016]

SigOut_pdf=[1.001,1.003,1.003,1.015]

QCD_scale=[1.148,1.148,1.093,1.119]

QCD_scale_up=[0.997,1.016,1.008,1.036]

QCD_scale_down=[1.000,0.986,1.003,0.969]

SigOut_scale=[1.002,1.031,1.050,1.113]

jes18_ZA=[1.20,1.03,1.02,1.01]
jes18_ZA-EWK=[1.01,1.04,1.01,1.04]
jes18_TTA=[1.08,1.05,1.11,1.06]
jes18_VV=[1.11,1.03,1.16,1.50]
jes18_ST=[1.09,1.00,1.00,1.00]

jer18_ZA=[1.05,1.00,1.01,1.07]
jer18_ZA-EWK=[1.00,1.00,1.01,1.04]
jer18_TTA=[1.00,1.01,1.00,1.06]
jer18_VV=[1.04,1.03,1.00,1.00]
jer18_ST=[1.10,1.10,1.00,1.00]

genbin1_scale=[1.01,1.00,1.01,1.00]
genbin2_scale=[1.01,1.02,1.03,1.00]
genbin3_scale=[1.00,1.00,1.04,1.07]
genbin4_scale=[1.00,1.00,1.05,1.08]

genbin1_pdf=[1.002,1.001,1.003,1.000]
genbin2_pdf=[1.002,1.002,1.004,1.000]
genbin3_pdf=[1.000,1.002,1.003,1.003]
genbin4_pdf=[1.000,1.000,1.004,1.009]

ele_ID=[1.03033]

ele_reco=[1.00264]

muon_all=[1.00181]

muon18_trigger=[1.01212]

photon_ID=[1.0163]

