fake18=[1.164,1.171,1.183,1.217]

QCD_pdf=[1.012,1.010,1.008,1.016]

SigOut_pdf=[1.001,1.003,1.003,1.015]

QCD_scale=[1.133,1.148,1.120,1.130]

QCD_scale_up=[0.996,1.019,1.019,1.047]

QCD_scale_down=[1.000,0.982,0.985,0.961]

SigOut_scale=[1.011,1.033,1.049,1.103]

jes18_ZA=[1.12,1.02,1.01,1.00]
jes18_ZA-EWK=[1.01,1.02,1.01,1.02]
jes18_TTA=[1.03,1.01,1.05,1.03]
jes18_VV=[1.07,1.02,1.00,1.00]
jes18_ST=[1.07,1.00,1.00,1.00]

jer18_ZA=[1.07,1.01,1.00,1.03]
jer18_ZA-EWK=[1.00,1.00,1.03,1.01]
jer18_TTA=[1.02,1.01,1.02,1.03]
jer18_VV=[1.07,1.05,1.00,1.00]
jer18_ST=[1.06,1.00,1.00,1.00]

genbin1_scale=[1.00,1.01,1.01,1.00]
genbin2_scale=[1.01,1.02,1.03,1.04]
genbin3_scale=[1.00,1.02,1.03,1.04]
genbin4_scale=[1.00,1.00,1.05,1.07]

genbin1_pdf=[1.004,1.002,1.002,1.007]
genbin2_pdf=[1.002,1.002,1.002,1.014]
genbin3_pdf=[1.002,1.002,1.009,1.003]
genbin4_pdf=[1.010,1.004,1.003,1.003]

ele_ID=[1.03004]

ele_reco=[1.00263]

muon_all=[1.00184]

muon18_trigger=[1.01221]

photon_ID=[1.02739]

