fake18=[1.162,1.234,1.252,1.204]

QCD_pdf=[1.012,1.010,1.011,1.014]

SigOut_pdf=[1.002,1.002,1.002,1.005]

QCD_scale=[1.134,1.128,1.131,1.114]

QCD_scale_up=[0.998,1.012,1.010,1.021]

QCD_scale_down=[0.998,0.990,0.992,0.985]

SigOut_scale=[1.011,1.027,1.053,1.106]

jes18_ZA=[1.11,1.08,1.07,1.04]
jes18_ZA-EWK=[1.01,1.01,1.03,1.00]
jes18_TTA=[1.04,1.01,1.02,1.08]
jes18_VV=[1.07,1.00,1.01,1.50]
jes18_ST=[1.06,1.00,1.00,1.00]

jer18_ZA=[1.07,1.06,1.04,1.04]
jer18_ZA-EWK=[1.01,1.01,1.01,1.00]
jer18_TTA=[1.02,1.01,1.00,1.03]
jer18_VV=[1.05,1.14,1.10,1.00]
jer18_ST=[1.05,1.00,1.00,1.00]

genbin1_scale=[1.00,1.03,1.03,1.00]
genbin2_scale=[1.01,1.02,1.01,1.00]
genbin3_scale=[1.03,1.01,1.03,1.05]
genbin4_scale=[1.00,1.00,1.02,1.05]

genbin1_pdf=[1.003,1.012,1.007,1.000]
genbin2_pdf=[1.002,1.002,1.003,1.000]
genbin3_pdf=[1.003,1.004,1.001,1.003]
genbin4_pdf=[1.000,1.000,1.006,1.002]

ele_ID=[1.03004]

ele_reco=[1.00263]

muon_all=[1.00184]

muon18_trigger=[1.01221]

photon_ID=[1.02739]

