fake16=[1.174,1.175,1.171,1.140]

QCD_pdf=[1.012,1.010,1.009,1.016]

SigOut_pdf=[1.038,1.037,1.109,1.058]

QCD_scale=[1.130,1.138,1.110,1.086]

QCD_scale_up=[0.993,1.018,1.023,1.019]

QCD_scale_down=[1.002,0.982,0.980,0.985]

SigOut_scale=[1.008,1.028,1.060,1.106]

jes16_ZA=[1.11,1.01,1.03,1.36]
jes16_ZA-EWK=[1.00,1.03,1.01,1.07]
jes16_TTA=[1.07,1.06,1.12,1.00]
jes16_VV=[1.01,1.00,1.00,1.00]
jes16_ST=[1.13,1.25,1.00,1.00]

jer16_ZA=[1.03,1.01,1.01,1.14]
jer16_ZA-EWK=[1.00,1.01,1.00,1.02]
jer16_TTA=[1.00,1.00,1.12,1.00]
jer16_VV=[1.06,1.00,1.00,1.35]
jer16_ST=[1.00,1.00,1.00,1.00]

l1pref=[1.01,1.01,1.01,1.01]

genbin1_scale=[1.01,1.00,1.01,1.00]
genbin2_scale=[1.01,1.01,1.06,1.00]
genbin3_scale=[1.00,1.05,1.04,1.05]
genbin4_scale=[1.00,1.00,1.04,1.06]

genbin1_pdf=[1.039,1.039,1.048,1.000]
genbin2_pdf=[1.038,1.036,1.039,1.000]
genbin3_pdf=[1.000,1.052,1.039,1.054]
genbin4_pdf=[1.000,1.000,1.058,1.042]

ele_ID=[1.02579]

ele_reco=[1.00453]

muon_all=[1.00921]

muon16_trigger=[1.01215]

photon_ID=[1.01534]

