fake18=[1.152,1.165,1.156,1.157]

QCD_pdf=[1.012,1.011,1.010,1.010]

SigOut_pdf=[1.001,1.002,1.002,1.012]

QCD_scale=[1.160,1.134,1.132,1.104]

QCD_scale_up=[0.991,1.005,1.032,1.028]

QCD_scale_down=[1.004,0.996,0.973,0.978]

SigOut_scale=[1.003,1.016,1.044,1.062]

jes18_ZA=[1.21,1.15,1.09,1.06]
jes18_ZA-EWK=[1.02,1.02,1.01,1.04]
jes18_TTA=[1.05,1.02,1.07,1.33]
jes18_VV=[1.15,1.05,1.04,1.32]
jes18_ST=[1.07,1.05,1.00,1.00]

jer18_ZA=[1.05,1.05,1.03,1.01]
jer18_ZA-EWK=[1.00,1.01,1.02,1.02]
jer18_TTA=[1.01,1.00,1.00,1.00]
jer18_VV=[1.05,1.00,1.04,1.00]
jer18_ST=[1.04,1.26,1.00,1.00]

genbin1_scale=[1.01,1.00,1.00,1.00]
genbin2_scale=[1.02,1.00,1.01,1.00]
genbin3_scale=[1.00,1.01,1.02,1.02]
genbin4_scale=[1.00,1.00,1.09,1.05]

genbin1_pdf=[1.001,1.002,1.000,1.000]
genbin2_pdf=[1.003,1.002,1.004,1.000]
genbin3_pdf=[1.000,1.002,1.002,1.003]
genbin4_pdf=[1.000,1.000,1.003,1.002]

ele_ID=[1.03033]

ele_reco=[1.00264]

muon_all=[1.00181]

muon18_trigger=[1.01212]

photon_ID=[1.0163]

