QCD_pdf=[0.0124494,0.00968888,0.00843741,0.0161027,]
SigOut_pdf=[0.0379445,0.0392573,0.11159,0.0649067,]
QCD_pdf=[0.0124494,0.00968888,0.00843741,0.0161027,]
SigOut_pdf=[0.0379445,0.0392573,0.11159,0.0649067,]
