SigOut_pdf=[0.00143852,0.00315784,0.00274829,0.0148271,]
SigOut_pdf=[0.00144092,0.0031313,0.00274829,0.0148271,]
