SigOut_pdf=[0.00143324,0.00323404,0.00299876,0.0148271,]
SigOut_pdf=[0.00143324,0.00323404,0.00299876,0.0148271,]
