SigOut_pdf=[0.00155168,0.00145764,0.00253869,0.0061995,]
SigOut_pdf=[0.00155168,0.00145764,0.00253869,0.0061995,]
