SigOut_pdf=[0.00155681,0.00135193,0.00230506,0.0061995,]
SigOut_pdf=[0.00156788,0.00136162,0.00230506,0.0061995,]
