QCD_pdf=[0.0124423,0.00973358,0.00857676,0.0160685,]
SigOut_pdf=[0.0384181,0.0372731,0.10855,0.0578364,]
QCD_pdf=[0.0124423,0.00973358,0.00857676,0.0160685,]
SigOut_pdf=[0.0384937,0.0373429,0.10855,0.0578364,]
