SigOut_pdf=[0.00163516,0.00148163,0.00165159,0.00196426,]
SigOut_pdf=[0.00165133,0.00148163,0.00165159,0.00196426,]
