SigOut_pdf=[0.00172362,0.00223154,0.00179452,0.00473492,]
SigOut_pdf=[0.00172351,0.00214856,0.00179452,0.00473492,]
