QCD_pdf=[0.0120556,0.0100886,0.0111509,0.0141956,]
SigOut_pdf=[0.039128,0.0401641,0.0421629,0.0393963,]
QCD_pdf=[0.0120556,0.0100886,0.0111509,0.0141956,]
SigOut_pdf=[0.039128,0.0401641,0.0421629,0.0393963,]
