QCD_pdf=[0.0120545,0.010204,0.0111581,0.0138246,]
SigOut_pdf=[0.0388981,0.0407131,0.0342232,0.0393963,]
QCD_pdf=[0.0120545,0.010204,0.0111581,0.0138246,]
SigOut_pdf=[0.0390332,0.0405527,0.0342207,0.0393963,]
