SigOut_pdf=[0.00177616,0.00220066,0.0018635,0.00473492,]
SigOut_pdf=[0.00177616,0.00220066,0.0018635,0.00473492,]
