SigOut_pdf=[0.00163968,0.00157893,0.00171332,0.00201215,]
SigOut_pdf=[0.00163968,0.00157893,0.00171332,0.00201215,]
