SigOut_pdf=[0.00163144,0.00144026,0.00156714,0.00187596,]
SigOut_pdf=[0.00164859,0.00144128,0.00156714,0.00187596,]
