SigOut_pdf=[0.00139619,0.00188197,0.00201598,0.0121465,]
SigOut_pdf=[0.00139503,0.00187431,0.00201598,0.0121465,]
