QCD_pdf=[0.0124096,0.0115109,0.0103673,0.0101137,]
SigOut_pdf=[0.0389403,0.0378764,0.0561725,0.0419835,]
QCD_pdf=[0.0124096,0.0115109,0.0103673,0.0101137,]
SigOut_pdf=[0.0389403,0.0378764,0.0561725,0.0419835,]
