SigOut_pdf=[0.00163559,0.00150838,0.00165101,0.00194768,]
SigOut_pdf=[0.00163559,0.00150838,0.00165101,0.00194768,]
