QCD_pdf=[0.0124327,0.0114956,0.0102947,0.0101974,]
SigOut_pdf=[0.0391508,0.0364723,0.0548911,0.0383199,]
QCD_pdf=[0.0124327,0.0114956,0.0102947,0.0101974,]
SigOut_pdf=[0.0392478,0.0364723,0.0539687,0.0396023,]
