SigOut_pdf=[0.00140419,0.00188059,0.00205575,0.0121465,]
SigOut_pdf=[0.00140419,0.00188059,0.00205575,0.0121465,]
