QCD_scale=[0.115381,0.144331,0.10719,]
SigOut_scale=[0.0286908,0.067864,0.11633,]
