QCD_scale=[0.127765,0.134882,0.156466,]
SigOut_scale=[0.0235816,0.0644268,0.107026,]
