QCD_scale=[0.118355,0.0966968,0.123114,]
SigOut_scale=[0.0296902,0.0720988,0.111139,]
