QCD_scale=[0.110586,0.109293,]
SigOut_scale=[0.0317511,0.053742,]
