QCD_scale=[0.127181,0.134512,]
SigOut_scale=[0.0308493,0.0544057,]
