QCD_scale=[0.114215,0.135067,]
SigOut_scale=[0.0393109,0.0523866,]
