SigOut_pdf=[0.00161634,0.00166081,0.00241276,0.00347393,]
SigOut_pdf=[0.00161634,0.00166081,0.00241276,0.00347393,]
