SigOut_pdf=[0.00195042,0.00118179,0.0195826,0.00665672,]
SigOut_pdf=[0.00195042,0.00118179,0.0195826,0.00665672,]
