QCD_pdf=[0.0108274,0.0168223,0.0083212,0.0734463,]
SigOut_pdf=[0.0385222,0.0357229,0.0447475,0.0580995,]
QCD_pdf=[0.0108274,0.0168223,0.0083212,0.0734463,]
SigOut_pdf=[0.0385222,0.0357229,0.0447475,0.0580995,]
