QCD_pdf=[0.0112551,0.00854911,0.0103238,0.0287399,]
SigOut_pdf=[0.0373463,0.0429496,0.0471687,0.0508143,]
QCD_pdf=[0.0112551,0.00854911,0.0103238,0.0287399,]
SigOut_pdf=[0.0373463,0.0429496,0.0471687,0.0508143,]
