SigOut_pdf=[0.00151431,0.0016027,0.00128026,0.0021152,]
SigOut_pdf=[0.00151431,0.0016027,0.00128026,0.0021152,]
