SigOut_pdf=[0.00142571,0.00150273,0.00437969,0.0855719,]
SigOut_pdf=[0.00142571,0.00150273,0.00437969,0.0855719,]
