SigOut_pdf=[0.00166039,0.00128508,0.00167982,0.00215958,]
SigOut_pdf=[0.00166039,0.00128508,0.00167982,0.00215958,]
