QCD_pdf=[0.0107202,0.0148865,0.0234896,0.00934707,]
SigOut_pdf=[0.0379621,0.039,0.0382959,0.0491119,]
QCD_pdf=[0.0107202,0.0148865,0.0234896,0.00934707,]
SigOut_pdf=[0.0379621,0.039,0.0382959,0.0491119,]
