SigOut_pdf=[0.00159781,0.00266384,0.00233857,0.0287953,]
SigOut_pdf=[0.00159781,0.00266384,0.00233857,0.0287953,]
