QCD_pdf=[0.0121006,0.0108963,0.010303,]
SigOut_pdf=[0.00129577,0.0020452,0.00152268,]
Sig_pdf=[0.00162333,0.00152488,0.00360886,]
