QCD_pdf=[0.012068,0.0110568,0.0110508,]
SigOut_pdf=[0.0405399,0.0387424,0.0377466,]
Sig_pdf=[0.00231944,0.00178631,0.00232532,]
