QCD_pdf=[0.0120492,0.0110113,0.0104923,]
SigOut_pdf=[0.00140695,0.00149156,0.00169981,]
Sig_pdf=[0.000135831,0.000255921,0.000261121,]
