QCD_pdf=[0.0120832,0.0108784,0.0102725,]
SigOut_pdf=[0.00151676,0.00152898,0.00171841,]
Sig_pdf=[0.000123397,0.000247674,0.000258397,]
QCD_pdf=[0.0120066,0.0108015,0.0102293,]
SigOut_pdf=[0.00151676,0.00152898,0.00171841,]
Sig_pdf=[0.000123397,0.000247674,0.000258397,]
