QCD_pdf=[0.0116909,]
SigOut_pdf=[0.00157131,]
Sig_pdf=[0.00150704,]
