QCD_pdf=[0.0120832,0.0108784,0.0102725,]
SigOut_pdf=[0.00149962,0.00133871,0.00178743,]
Sig_pdf=[0.000134548,0.0001704,0.00022542,]
