QCD_pdf=[0.0120832,0.0108784,0.0102725,]
SigOut_pdf=[0.00137706,0.00226604,0.00146249,]
Sig_pdf=[0.000597767,0.000587097,0.00124495,]
