QCD_pdf=[0.012089,0.0110806,0.0110957,]
SigOut_pdf=[0.00141598,0.00165278,0.00165139,]
Sig_pdf=[0.000135579,0.000264173,0.000259978,]
