QCD_pdf=[0.0120832,0.0108784,0.0102725,]
SigOut_pdf=[0.0417151,0.0401879,0.0382408,]
Sig_pdf=[0.0020864,0.000911812,0.00196063,]
