QCD_pdf=[0.0116822,]
SigOut_pdf=[0.00160022,]
Sig_pdf=[0.00150704,]
