QCD_pdf=[0.0120492,0.0110113,0.0104923,]
SigOut_pdf=[0.0405684,0.0381404,0.0376145,]
Sig_pdf=[0.00203137,0.00154511,0.00219065,]
