QCD_pdf=[0.0120832,0.0108784,0.0102725,]
SigOut_pdf=[0.00149472,0.00150535,0.00170273,]
Sig_pdf=[0.000123164,0.000176075,0.000223235,]
