QCD_pdf=[0.0116909,]
SigOut_pdf=[0.00143693,]
Sig_pdf=[0.00157988,]
