QCD_pdf=[0.0120492,0.0110113,0.0104923,]
SigOut_pdf=[0.00143363,0.00212277,0.00144254,]
Sig_pdf=[0.000595455,0.000482743,0.00152695,]
