QCD_pdf=[0.0116822,]
SigOut_pdf=[0.00147923,]
Sig_pdf=[0.00142218,]
