QCD_pdf=[0.0120832,0.0108784,0.0102725,]
SigOut_pdf=[0.00139426,0.00235173,0.00148763,]
Sig_pdf=[0.000593915,0.000583669,0.00123925,]
