QCD_pdf=[0.0120832,0.0108784,0.0102725,]
SigOut_pdf=[0.00146161,0.00206589,0.00148443,]
Sig_pdf=[0.000589801,0.000496782,0.00146771,]
QCD_pdf=[0.0120066,0.0108015,0.0102293,]
SigOut_pdf=[0.00146161,0.00206589,0.00148443,]
Sig_pdf=[0.000589801,0.000496782,0.00146771,]
