QCD_pdf=[0.0121006,0.0108963,0.010303,]
SigOut_pdf=[0.00160283,0.0014027,0.00163727,]
Sig_pdf=[0.000329862,0.000568479,0.000452301,]
