QCD_pdf=[0.0121006,0.0108963,0.010303,]
SigOut_pdf=[0.0393842,0.0369008,0.0404381,]
Sig_pdf=[0.00314238,0.00185573,0.00294351,]
