QCD_pdf=[0.0116909,]
SigOut_pdf=[0.0383582,]
Sig_pdf=[0.0375954,]
