QCD_pdf=[0.0116822,]
SigOut_pdf=[0.0388814,]
Sig_pdf=[0.0375945,]
