QCD_pdf=[0.0120492,0.0110113,0.0104923,]
SigOut_pdf=[0.00141598,0.00165278,0.00165139,]
Sig_pdf=[0.000135579,0.000264173,0.000259978,]
