QCD_pdf=[0.0120832,0.0108784,0.0102725,]
SigOut_pdf=[0.0413824,0.0402592,0.0380014,]
Sig_pdf=[0.00212367,0.000891582,0.00201174,]
