QCD_pdf=[0.0120727,0.0110538,0.0110922,]
SigOut_pdf=[0.00147641,0.00214485,0.00143231,]
Sig_pdf=[0.000594881,0.000481997,0.0015275,]
