QCD_pdf=[0.0120832,0.0108784,0.0102725,]
SigOut_pdf=[0.0420828,0.0386657,0.0375206,]
Sig_pdf=[0.00202722,0.00166363,0.00219063,]
QCD_pdf=[0.0120066,0.0108015,0.0102293,]
SigOut_pdf=[0.0420828,0.0386657,0.0375206,]
Sig_pdf=[0.00202722,0.00166363,0.00219063,]
