QCD_scale=[0.144551,0.159216,0.13784,0.0930193,]
SigOut_scale=[0.00983675,0.0303871,0.0466343,0.0667871,]
QCD_scale=[0.144551,0.159216,0.13784,0.0930193,]
SigOut_scale=[0.00983675,0.0303871,0.0466343,0.0667871,]
