QCD_scale=[0.146371,0.15482,0.126272,0.0974805,]
SigOut_scale=[0.00271419,0.0317445,0.0434543,0.0676798,]
QCD_scale=[0.146371,0.15482,0.126272,0.0974805,]
SigOut_scale=[0.00271419,0.0317445,0.0434543,0.0676798,]
QCD_scale=[0.146371,0.15482,0.126272,0.0974805,]
SigOut_scale=[0.00271419,0.0317445,0.0434543,0.0676798,]
