QCD_scale=[0.131172,0.146553,0.12235,0.117737,]
SigOut_scale=[0.00203499,0.0310856,0.0667225,0.0830875,]
QCD_scale=[0.131172,0.146553,0.12235,0.117737,]
SigOut_scale=[0.00203499,0.0310856,0.0667225,0.0830875,]
