QCD_scale=[0.129848,0.138099,0.109538,0.0861459,]
SigOut_scale=[0.00782946,0.0277946,0.060018,0.10645,]
QCD_scale=[0.129848,0.138099,0.109538,0.0861459,]
SigOut_scale=[0.00782946,0.0277946,0.060018,0.10645,]
QCD_scale=[0.129848,0.138099,0.109538,0.0861459,]
SigOut_scale=[0.00782946,0.0277946,0.060018,0.10645,]
