QCD_scale=[0.147693,0.147643,0.0926383,0.119422,]
SigOut_scale=[0.00244362,0.0313684,0.0498854,0.112956,]
QCD_scale=[0.147693,0.147643,0.0926383,0.119422,]
SigOut_scale=[0.00244362,0.0313684,0.0498854,0.112956,]
QCD_scale=[0.147693,0.147643,0.0926383,0.119422,]
SigOut_scale=[0.00244362,0.0313684,0.0498854,0.112956,]
