QCD_scale=[0.132709,0.148037,0.120356,0.129519,]
SigOut_scale=[0.0113818,0.032695,0.048746,0.102852,]
QCD_scale=[0.132709,0.148037,0.120356,0.129519,]
SigOut_scale=[0.0113818,0.032695,0.048746,0.102852,]
