QCD_scale=[0.13332,0.134132,0.128967,]
SigOut_scale=[0.0155608,0.0111085,0.0316994,]
