QCD_scale=[0.143617,0.148873,0.141812,]
SigOut_scale=[0.011829,0.0151914,0.0292556,]
