QCD_scale=[0.12591,0.130855,0.133314,]
SigOut_scale=[0.00710515,0.00441708,0.0220462,]
