QCD_scale=[0.149948,0.120329,]
SigOut_scale=[0.0257097,0.00432421,]
QCD_scale=[0.149948,0.120329,]
SigOut_scale=[0.0257097,0.00432421,]
