QCD_scale=[0.160487,0.141937,]
SigOut_scale=[0.0183738,0.00898103,]
QCD_scale=[0.160487,0.141937,]
SigOut_scale=[0.0183738,0.00898103,]
