QCD_scale=[0.160477,0.137647,]
SigOut_scale=[0.0179304,0.0112478,]
QCD_scale=[0.160477,0.137647,]
SigOut_scale=[0.0179304,0.0112478,]
