QCD_scale=[0.131138,0.135623,0.111871,0.0900785,]
SigOut_scale=[0.00190228,0.0165461,0.0389259,0.0513119,]
QCD_scale=[0.131138,0.135623,0.111871,0.0900785,]
SigOut_scale=[0.00190228,0.0165461,0.0389259,0.0513119,]
QCD_scale=[0.131138,0.135623,0.111871,0.0900785,]
SigOut_scale=[0.00190228,0.0165461,0.0389259,0.0513119,]
