QCD_scale=[0.146596,0.140676,0.138719,0.105463,]
SigOut_scale=[0.0130677,0.0264378,0.046048,0.0753409,]
QCD_scale=[0.146596,0.140676,0.138719,0.105463,]
SigOut_scale=[0.0130677,0.0264378,0.046048,0.0753409,]
