QCD_scale=[0.130542,0.133955,0.11867,0.0917263,]
SigOut_scale=[0.00554154,0.0264875,0.0434479,0.0552568,]
QCD_scale=[0.130542,0.133955,0.11867,0.0917263,]
SigOut_scale=[0.00554154,0.0264875,0.0434479,0.0552568,]
