QCD_scale=[0.134363,0.127997,0.130991,0.113726,]
SigOut_scale=[0.0114905,0.0272482,0.0534652,0.105847,]
QCD_scale=[0.134363,0.127997,0.130991,0.113726,]
SigOut_scale=[0.0114905,0.0272482,0.0534652,0.105847,]
