QCD_scale=[0.147883,0.143462,0.141515,0.0929065,]
SigOut_scale=[0.00424797,0.0224381,0.0395655,0.0626639,]
QCD_scale=[0.147883,0.143462,0.141515,0.0929065,]
SigOut_scale=[0.00424797,0.0224381,0.0395655,0.0626639,]
QCD_scale=[0.147883,0.143462,0.141515,0.0929065,]
SigOut_scale=[0.00424797,0.0224381,0.0395655,0.0626639,]
