QCD_scale=[0.147117,0.138064,0.144411,0.104879,]
SigOut_scale=[0.00369317,0.0173346,0.0494103,0.102447,]
QCD_scale=[0.147117,0.138064,0.144411,0.104879,]
SigOut_scale=[0.00369317,0.0173346,0.0494103,0.102447,]
QCD_scale=[0.147117,0.138064,0.144411,0.104879,]
SigOut_scale=[0.00369317,0.0173346,0.0494103,0.102447,]
