QCD_scale=[0.1453,0.119841,0.0948,0.0641788,]
SigOut_scale=[0.0113932,0.0102909,0.0413216,0.0573793,]
QCD_scale=[0.1453,0.119841,0.0948,0.0641788,]
SigOut_scale=[0.0113932,0.0102909,0.0413216,0.0573793,]
QCD_scale=[0.1453,0.119841,0.0948,0.0641788,]
SigOut_scale=[0.0113932,0.0102909,0.0413216,0.0573793,]
