QCD_scale=[0.146409,0.122737,0.0988231,0.0801067,]
SigOut_scale=[0.00484693,0.0149692,0.0469899,0.0638353,]
QCD_scale=[0.146409,0.122737,0.0988231,0.0801067,]
SigOut_scale=[0.00484693,0.0149692,0.0469899,0.0638353,]
