QCD_scale=[0.159026,0.128043,0.112128,0.113902,]
SigOut_scale=[0.00895597,0.0236011,0.030306,0.061883,]
QCD_scale=[0.159026,0.128043,0.112128,0.113902,]
SigOut_scale=[0.00895597,0.0236011,0.030306,0.061883,]
