QCD_scale=[0.16088,0.12711,0.110069,0.113993,]
SigOut_scale=[0.00235221,0.0153748,0.0252334,0.0613087,]
QCD_scale=[0.16088,0.12711,0.110069,0.113993,]
SigOut_scale=[0.00235221,0.0153748,0.0252334,0.0613087,]
QCD_scale=[0.16088,0.12711,0.110069,0.113993,]
SigOut_scale=[0.00235221,0.0153748,0.0252334,0.0613087,]
