QCD_scale=[0.160475,0.13378,0.132084,0.103764,]
SigOut_scale=[0.00274313,0.0164627,0.0435656,0.0620778,]
QCD_scale=[0.160475,0.13378,0.132084,0.103764,]
SigOut_scale=[0.00274313,0.0164627,0.0435656,0.0620778,]
QCD_scale=[0.160475,0.13378,0.132084,0.103764,]
SigOut_scale=[0.00274313,0.0164627,0.0435656,0.0620778,]
