QCD_scale=[0.145121,0.126647,0.116759,0.0887764,]
SigOut_scale=[0.00807526,0.0251565,0.0447062,0.0653372,]
QCD_scale=[0.145121,0.126647,0.116759,0.0887764,]
SigOut_scale=[0.00807526,0.0251565,0.0447062,0.0653372,]
