fake16=[1.172,1.165,1.204,1.176]

QCD_pdf=[1.011,1.015,1.023,1.009]

SigOut_pdf=[1.038,1.039,1.038,1.049]

QCD_scale=[1.139,1.122,1.131,1.084]

QCD_scale_up=[1.015,1.019,1.055,1.015]

QCD_scale_down=[0.981,0.987,0.957,0.991]

SigOut_scale=[1.037,1.043,1.068,1.085]

jes16_ZA=[1.30,1.13,1.06,1.05]
jes16_ZA-EWK=[1.03,1.02,1.02,1.02]
jes16_TTA=[1.03,1.14,1.00,1.00]
jes16_VV=[1.00,1.11,1.00,1.50]
jes16_ST=[1.14,1.00,1.00,1.00]

jer16_ZA=[1.12,1.03,1.02,1.10]
jer16_ZA-EWK=[1.01,1.00,1.00,1.01]
jer16_TTA=[1.07,1.07,1.00,1.00]
jer16_VV=[1.00,1.00,1.00,1.00]
jer16_ST=[1.14,1.00,1.00,1.00]

l1pref=[1.02,1.02,1.02,1.02]

genbin1_scale=[1.06,1.05,1.00,1.00]
genbin2_scale=[1.06,1.07,1.09,1.00]
genbin3_scale=[1.00,1.09,1.08,1.09]
genbin4_scale=[1.00,1.00,1.10,1.10]

genbin1_pdf=[1.037,1.039,1.000,1.000]
genbin2_pdf=[1.038,1.039,1.049,1.000]
genbin3_pdf=[1.000,1.046,1.041,1.048]
genbin4_pdf=[1.000,1.000,1.051,1.042]

ele_ID=[1.02579]

ele_reco=[1.00453]

muon_all=[1.00921]

muon16_trigger=[1.01215]

photon_ID=[1.01534]

