fake18=[1.162,1.232,1.239,1.274]

QCD_pdf=[1.011,1.009,1.010,1.030]

SigOut_pdf=[1.002,1.001,1.001,1.002]

QCD_scale=[1.111,1.113,1.158,1.126]

QCD_scale_up=[1.001,1.013,1.051,1.074]

QCD_scale_down=[0.996,0.989,0.959,0.932]

SigOut_scale=[1.039,1.053,1.065,1.077]

jes18_ZA=[1.25,1.17,1.19,1.12]
jes18_ZA-EWK=[1.03,1.02,1.02,1.01]
jes18_TTA=[1.07,1.11,1.12,1.17]
jes18_VV=[1.02,1.86,1.50,1.11]
jes18_ST=[1.30,1.00,1.00,1.00]

jer18_ZA=[1.19,1.09,1.11,1.05]
jer18_ZA-EWK=[1.00,1.00,1.00,1.00]
jer18_TTA=[1.07,1.11,1.00,1.00]
jer18_VV=[1.16,1.00,1.50,1.00]
jer18_ST=[1.13,1.00,1.00,1.00]

genbin1_scale=[1.07,1.09,1.00,1.05]
genbin2_scale=[1.07,1.08,1.11,1.00]
genbin3_scale=[1.07,1.07,1.09,1.00]
genbin4_scale=[1.00,1.00,1.08,1.10]

genbin1_pdf=[1.001,1.004,1.000,1.003]
genbin2_pdf=[1.002,1.002,1.003,1.000]
genbin3_pdf=[1.003,1.004,1.002,1.000]
genbin4_pdf=[1.000,1.000,1.013,1.002]

ele_ID=[1.03004]

ele_reco=[1.00263]

muon_all=[1.00184]

muon18_trigger=[1.01221]

photon_ID=[1.02739]

