fake18=[1.152,1.158,1.192,1.144]

QCD_pdf=[1.011,1.015,1.023,1.009]

SigOut_pdf=[1.002,1.001,1.002,1.002]

QCD_scale=[1.127,1.125,1.112,1.127]

QCD_scale_up=[0.990,1.018,1.023,1.041]

QCD_scale_down=[1.004,0.984,0.983,0.966]

SigOut_scale=[1.041,1.053,1.054,1.086]

jes18_ZA=[1.54,1.35,1.26,1.21]
jes18_ZA-EWK=[1.07,1.05,1.04,1.03]
jes18_TTA=[1.24,1.06,1.00,1.00]
jes18_VV=[1.48,3.50,1.24,1.67]
jes18_ST=[1.70,1.00,1.50,1.00]

jer18_ZA=[1.18,1.10,1.07,1.08]
jer18_ZA-EWK=[1.00,1.00,1.00,1.00]
jer18_TTA=[1.02,1.11,1.00,1.00]
jer18_VV=[1.19,1.50,1.12,1.09]
jer18_ST=[1.17,1.00,1.00,1.00]

genbin1_scale=[1.06,1.06,1.10,1.00]
genbin2_scale=[1.06,1.07,1.08,1.00]
genbin3_scale=[1.00,1.07,1.08,1.09]
genbin4_scale=[1.00,1.00,1.08,1.10]

genbin1_pdf=[1.001,1.001,1.007,1.000]
genbin2_pdf=[1.003,1.001,1.002,1.000]
genbin3_pdf=[1.000,1.002,1.002,1.002]
genbin4_pdf=[1.000,1.000,1.002,1.002]

ele_ID=[1.03033]

ele_reco=[1.00264]

muon_all=[1.00181]

muon18_trigger=[1.01212]

photon_ID=[1.0163]

