fake18=[1.152,1.222,1.208,1.222]

QCD_pdf=[1.011,1.009,1.010,1.029]

SigOut_pdf=[1.002,1.002,1.001,1.002]

QCD_scale=[1.122,1.136,1.172,1.186]

QCD_scale_up=[0.990,1.024,1.052,1.114]

QCD_scale_down=[1.006,0.980,0.958,0.892]

SigOut_scale=[1.045,1.054,1.067,1.076]

jes18_ZA=[1.50,1.35,1.36,1.22]
jes18_ZA-EWK=[1.06,1.04,1.05,1.04]
jes18_TTA=[1.17,1.25,1.17,1.17]
jes18_VV=[1.51,1.45,1.50,1.80]
jes18_ST=[1.54,1.00,1.00,1.00]

jer18_ZA=[1.17,1.08,1.05,1.13]
jer18_ZA-EWK=[1.00,1.00,1.00,1.00]
jer18_TTA=[1.01,1.00,1.25,1.11]
jer18_VV=[1.15,1.45,1.00,1.00]
jer18_ST=[1.11,1.00,1.00,1.00]

genbin1_scale=[1.07,1.09,1.00,1.05]
genbin2_scale=[1.07,1.08,1.11,1.00]
genbin3_scale=[1.07,1.07,1.09,1.00]
genbin4_scale=[1.00,1.00,1.08,1.10]

genbin1_pdf=[1.001,1.004,1.000,1.003]
genbin2_pdf=[1.002,1.002,1.003,1.000]
genbin3_pdf=[1.003,1.004,1.002,1.000]
genbin4_pdf=[1.000,1.000,1.013,1.002]

ele_ID=[1.03033]

ele_reco=[1.00264]

muon_all=[1.00181]

muon18_trigger=[1.01212]

photon_ID=[1.0163]

