fake18=[1.154,1.163,1.172,1.134]

QCD_pdf=[1.011,1.017,1.008,1.073]

SigOut_pdf=[1.002,1.002,1.002,1.003]

QCD_scale=[1.118,1.145,1.142,1.165]

QCD_scale_up=[0.992,1.044,1.022,1.060]

QCD_scale_down=[1.003,0.963,0.984,0.952]

SigOut_scale=[1.040,1.056,1.076,1.090]

jes18_ZA=[1.43,1.17,1.13,1.06]
jes18_ZA-EWK=[1.10,1.03,1.01,1.01]
jes18_TTA=[1.26,1.07,1.30,1.12]
jes18_VV=[1.68,1.12,1.00,1.00]
jes18_ST=[2.09,1.00,1.00,1.00]

jer18_ZA=[1.12,1.07,1.03,1.04]
jer18_ZA-EWK=[1.01,1.00,1.00,1.00]
jer18_TTA=[1.00,1.02,1.00,1.12]
jer18_VV=[1.17,1.00,1.00,1.00]
jer18_ST=[1.22,1.00,1.00,1.00]

genbin1_scale=[1.06,1.06,1.00,1.00]
genbin2_scale=[1.07,1.07,1.09,1.00]
genbin3_scale=[1.11,1.08,1.09,1.09]
genbin4_scale=[1.00,1.09,1.10,1.11]

genbin1_pdf=[1.001,1.002,1.002,1.004]
genbin2_pdf=[1.002,1.002,1.004,1.012]
genbin3_pdf=[1.001,1.003,1.010,1.003]
genbin4_pdf=[1.002,1.007,1.013,1.007]

ele_ID=[1.03033]

ele_reco=[1.00264]

muon_all=[1.00181]

muon18_trigger=[1.01212]

photon_ID=[1.0163]

