fake18=[1.161,1.173,1.199,1.147]

QCD_pdf=[1.011,1.015,1.025,1.009]

SigOut_pdf=[1.002,1.001,1.002,1.002]

QCD_scale=[1.120,1.117,1.088,1.108]

QCD_scale_up=[1.002,1.015,1.018,1.035]

QCD_scale_down=[0.994,0.988,0.987,0.971]

SigOut_scale=[1.036,1.048,1.055,1.082]

jes18_ZA=[1.28,1.19,1.16,1.08]
jes18_ZA-EWK=[1.03,1.02,1.02,1.02]
jes18_TTA=[1.07,1.00,1.50,1.00]
jes18_VV=[1.02,1.50,1.18,1.00]
jes18_ST=[1.32,1.00,1.50,1.00]

jer18_ZA=[1.22,1.11,1.07,1.09]
jer18_ZA-EWK=[1.00,1.00,1.00,1.01]
jer18_TTA=[1.06,1.07,1.50,1.00]
jer18_VV=[1.26,1.25,1.18,1.10]
jer18_ST=[1.26,1.00,1.00,1.00]

genbin1_scale=[1.06,1.06,1.10,1.00]
genbin2_scale=[1.06,1.07,1.08,1.00]
genbin3_scale=[1.00,1.07,1.08,1.09]
genbin4_scale=[1.00,1.00,1.08,1.10]

genbin1_pdf=[1.001,1.001,1.007,1.000]
genbin2_pdf=[1.003,1.001,1.002,1.000]
genbin3_pdf=[1.000,1.002,1.002,1.002]
genbin4_pdf=[1.000,1.000,1.002,1.002]

ele_ID=[1.03004]

ele_reco=[1.00263]

muon_all=[1.00184]

muon18_trigger=[1.01221]

photon_ID=[1.02739]

