fake17=[1.189,1.203,1.225,1.198]

QCD_pdf=[1.011,1.015,1.025,1.009]

SigOut_pdf=[1.002,1.003,1.003,1.034]

QCD_scale=[1.119,1.139,1.114,1.108]

QCD_scale_up=[1.010,1.018,1.031,0.981]

QCD_scale_down=[0.989,0.986,0.976,1.022]

SigOut_scale=[1.032,1.056,1.055,1.095]

jes17_ZA=[1.36,1.23,1.20,1.24]
jes17_ZA-EWK=[1.04,1.03,1.02,1.02]
jes17_TTA=[1.15,1.10,1.00,1.50]
jes17_VV=[1.49,1.33,1.25,1.08]
jes17_ST=[1.00,1.00,1.33,1.00]

jer17_ZA=[1.30,1.15,1.16,1.02]
jer17_ZA-EWK=[1.00,1.01,1.00,1.00]
jer17_TTA=[1.16,1.10,1.22,1.00]
jer17_VV=[1.21,1.17,1.00,1.08]
jer17_ST=[1.20,1.00,1.17,1.00]

l1pref=[1.03,1.04,1.04,1.04]

genbin1_scale=[1.07,1.07,1.00,1.09]
genbin2_scale=[1.07,1.07,1.08,1.00]
genbin3_scale=[1.00,1.08,1.08,1.10]
genbin4_scale=[1.00,1.00,1.09,1.10]

genbin1_pdf=[1.002,1.001,1.000,1.003]
genbin2_pdf=[1.017,1.001,1.002,1.000]
genbin3_pdf=[1.000,1.002,1.002,1.002]
genbin4_pdf=[1.000,1.000,1.030,1.004]

ele_ID=[1.03451]

ele_reco=[1.00402]

muon_all=[1.00717]

muon17_trigger=[1.01198]

photon_ID=[1.03234]

