fake17=[1.192,1.203,1.214,1.200]

QCD_pdf=[1.011,1.017,1.008,1.073]

SigOut_pdf=[1.002,1.001,1.027,1.009]

QCD_scale=[1.107,1.170,1.145,1.174]

QCD_scale_up=[1.005,1.045,1.036,0.919]

QCD_scale_down=[0.994,0.961,0.970,1.083]

SigOut_scale=[1.036,1.053,1.072,1.090]

jes17_ZA=[1.33,1.13,1.16,1.06]
jes17_ZA-EWK=[1.05,1.02,1.01,1.01]
jes17_TTA=[1.12,1.06,1.00,1.00]
jes17_VV=[1.33,1.15,1.00,1.00]
jes17_ST=[1.08,1.17,1.00,1.00]

jer17_ZA=[1.25,1.07,1.02,1.03]
jer17_ZA-EWK=[1.01,1.00,1.00,1.01]
jer17_TTA=[1.19,1.03,1.10,1.00]
jer17_VV=[1.13,1.15,1.00,1.00]
jer17_ST=[1.25,1.00,1.00,1.00]

l1pref=[1.02,1.04,1.05,1.05]

genbin1_scale=[1.06,1.07,1.00,1.00]
genbin2_scale=[1.08,1.07,1.08,1.00]
genbin3_scale=[1.15,1.08,1.09,1.10]
genbin4_scale=[1.11,1.00,1.10,1.11]

genbin1_pdf=[1.003,1.002,1.003,1.006]
genbin2_pdf=[1.001,1.002,1.013,1.004]
genbin3_pdf=[1.001,1.003,1.007,1.004]
genbin4_pdf=[1.007,1.003,1.021,1.004]

ele_ID=[1.03451]

ele_reco=[1.00402]

muon_all=[1.00717]

muon17_trigger=[1.01198]

photon_ID=[1.03234]

