fake17=[1.146,1.164,1.175,1.129]

QCD_pdf=[1.011,1.017,1.008,1.073]

SigOut_pdf=[1.002,1.001,1.020,1.007]

QCD_scale=[1.098,1.169,1.147,1.179]

QCD_scale_up=[1.001,1.047,1.039,0.914]

QCD_scale_down=[0.998,0.960,0.967,1.086]

SigOut_scale=[1.036,1.059,1.073,1.091]

jes17_ZA=[1.28,1.13,1.17,1.05]
jes17_ZA-EWK=[1.06,1.02,1.01,1.01]
jes17_TTA=[1.12,1.05,1.10,1.00]
jes17_VV=[1.21,1.24,1.00,1.00]
jes17_ST=[1.01,1.25,1.00,1.00]

jer17_ZA=[1.18,1.06,1.02,1.00]
jer17_ZA-EWK=[1.01,1.00,1.00,1.01]
jer17_TTA=[1.20,1.04,1.00,1.00]
jer17_VV=[1.00,1.12,1.00,1.00]
jer17_ST=[1.25,1.50,1.00,1.00]

l1pref=[1.02,1.04,1.05,1.05]

genbin1_scale=[1.06,1.07,1.00,1.00]
genbin2_scale=[1.08,1.07,1.08,1.00]
genbin3_scale=[1.15,1.08,1.09,1.10]
genbin4_scale=[1.11,1.00,1.10,1.11]

genbin1_pdf=[1.002,1.002,1.000,1.000]
genbin2_pdf=[1.002,1.001,1.006,1.000]
genbin3_pdf=[1.010,1.002,1.002,1.006]
genbin4_pdf=[1.004,1.000,1.005,1.005]

ele_ID=[1.03495]

ele_reco=[1.00402]

muon_all=[1.00502]

muon17_trigger=[1.0119]

photon_ID=[1.0187]

