fake16=[1.195,1.220,1.229,1.257]

QCD_pdf=[1.011,1.017,1.008,1.073]

SigOut_pdf=[1.039,1.037,1.042,1.054]

QCD_scale=[1.116,1.175,1.132,1.175]

QCD_scale_up=[1.006,1.074,1.025,1.078]

QCD_scale_down=[0.992,0.939,0.984,0.933]

SigOut_scale=[1.034,1.047,1.092,1.097]

jes16_ZA=[1.17,1.07,1.06,1.01]
jes16_ZA-EWK=[1.03,1.01,1.01,1.00]
jes16_TTA=[1.01,1.03,1.04,1.17]
jes16_VV=[1.00,1.25,1.00,1.00]
jes16_ST=[1.00,1.00,1.00,1.00]

jer16_ZA=[1.12,1.05,1.02,1.01]
jer16_ZA-EWK=[1.00,1.00,1.00,1.00]
jer16_TTA=[1.03,1.00,1.00,1.00]
jer16_VV=[1.21,1.00,1.00,1.00]
jer16_ST=[1.00,1.00,1.00,1.00]

l1pref=[1.01,1.03,1.03,1.03]

genbin1_scale=[1.06,1.06,1.10,1.00]
genbin2_scale=[1.07,1.07,1.09,1.00]
genbin3_scale=[1.00,1.09,1.09,1.10]
genbin4_scale=[1.00,1.00,1.10,1.11]

genbin1_pdf=[1.035,1.039,1.044,1.081]
genbin2_pdf=[1.040,1.044,1.047,1.053]
genbin3_pdf=[1.040,1.045,1.071,1.060]
genbin4_pdf=[1.045,1.048,1.059,1.077]

ele_ID=[1.0251]

ele_reco=[1.00451]

muon_all=[1.01377]

muon16_trigger=[1.01223]

photon_ID=[1.02591]

