fake17=[1.146,1.236,1.258,1.274]

QCD_pdf=[1.011,1.009,1.010,1.029]

SigOut_pdf=[1.001,1.002,1.004,1.086]

QCD_scale=[1.104,1.149,1.113,1.126]

QCD_scale_up=[1.004,1.047,1.013,1.018]

QCD_scale_down=[0.995,0.961,0.993,0.988]

SigOut_scale=[1.043,1.065,1.068,1.080]

jes17_ZA=[1.30,1.28,1.26,1.23]
jes17_ZA-EWK=[1.04,1.03,1.03,1.03]
jes17_TTA=[1.05,1.37,1.12,1.60]
jes17_VV=[1.29,1.30,1.00,1.00]
jes17_ST=[1.07,1.00,1.00,1.00]

jer17_ZA=[1.22,1.16,1.11,1.03]
jer17_ZA-EWK=[1.01,1.00,1.00,1.01]
jer17_TTA=[1.11,1.30,1.12,1.26]
jer17_VV=[1.01,1.30,1.00,1.00]
jer17_ST=[1.29,1.00,1.00,1.00]

l1pref=[1.03,1.04,1.04,1.05]

genbin1_scale=[1.07,1.08,1.09,1.00]
genbin2_scale=[1.08,1.08,1.10,1.00]
genbin3_scale=[1.09,1.08,1.09,1.10]
genbin4_scale=[1.00,1.00,1.12,1.10]

genbin1_pdf=[1.001,1.004,1.004,1.000]
genbin2_pdf=[1.002,1.007,1.008,1.000]
genbin3_pdf=[1.003,1.003,1.001,1.004]
genbin4_pdf=[1.000,1.000,1.018,1.002]

ele_ID=[1.03495]

ele_reco=[1.00402]

muon_all=[1.00502]

muon17_trigger=[1.0119]

photon_ID=[1.0187]

